%YAML:1.0
---
camera_type: omnidir
fov: 2.5000000000000000e+00
img_size: [640, 480]
camera_params:
   K1: !!opencv-matrix
      rows: 3
      cols: 3
      dt: d
      data: [ 244.17238700721475, 0.0, 314.68386805475143, 
          0.0, 291.1682954662544, 246.64312433297005, 
          0.0,               0.0,              1.0  ]
   K2: !!opencv-matrix
      rows: 3
      cols: 3
      dt: d
      data: [ 244.05735306022385, 0.0, 317.31258351728496, 
          0.0, 291.23318123853727, 240.0088450557595, 
          0.0,               0.0,              1.0 ]
   D1: !!opencv-matrix
      rows: 4
      cols: 1
      dt: d
      data: [0.013398890520476048, -0.010547673443537891, 0.00029426886011638776, -0.0008282337565140144]
   D2: !!opencv-matrix
      rows: 4
      cols: 1
      dt: d
      data: [0.012327609519799783, -0.009770194555997211, -0.0006380804386988665, 0.0008134028511525583]
   R1: !!opencv-matrix
      rows: 3
      cols: 3
      dt: d
      data: [0.9999379637181848, -0.003060642958331949, 0.01070986366914404,
          0.00306081850311264, 0.9999953156840742, 0,
          -0.01070981350075909, 3.278094888432991e-05, 0.9999426477654548]
   R2: !!opencv-matrix
      rows: 3
      cols: 3
      dt: d
      data:  [0.9999677774536849, 0.007769335690846576, 0.002020266630708724,
          -0.007776144578619071, 0.9999640374982732, 0.003384565798358058,
          -0.001993898149011329, -0.003400166624437617, 0.999992231588374]
   P1: !!opencv-matrix
      rows: 3
      cols: 3
      dt: d
      data: [256.0, 0, 0,
          0, 192.0, 0,
          0, 0, 1]
   P2: !!opencv-matrix
      rows: 3
      cols: 3
      dt: d
      data: [256.0, 0, 0,
          0, 192.0, 0,
          0, 0, 1]
   R: !!opencv-matrix
      rows: 3
      cols: 3
      dt: d
      data: [ 0.999903600788454, -0.01079994682719717, 0.008726412711566996, 
        0.010830019172570326, 0.9999355519835978, -0.0034062536573307633, 
        -0.008689062953198316, 0.0035004325141379045, 0.9999561226159916]
   T: !!opencv-matrix
      rows: 3
      cols: 1
      dt: d
      data: [-0.039156309608450235, -0.0003027827382484525, -7.871281300796019e-05]

   xi1: !!opencv-matrix
      rows: 1
      cols: 1
      dt: d
      data: [0.9634023877052669]

   xi2: !!opencv-matrix
      rows: 1
      cols: 1
      dt: d
      data: [0.9687116510858697]